%YAML:1.0
---
T_G0_to_G6_mat: !!opencv-matrix
   rows: 4
   cols: 4
   dt: d
   data: [ 9.9957412481307983e-01, -2.9045077040791512e-02,
       2.8283116407692432e-03, 2.2356814146041870e-01,
       2.8969215229153633e-02, 9.9929380416870117e-01,
       2.3931559175252914e-02, 6.7080742120742798e-01,
       -3.5214077215641737e-03, -2.3839430883526802e-02,
       9.9970954656600952e-01, -1.1989355087280273e+00, 0., 0., 0., 1. ]
T: !!opencv-matrix
   rows: 3
   cols: 1
   dt: d
   data: [ 2.2356814146041870e-01, 6.7080742120742798e-01,
       -1.1989355087280273e+00 ]
q: !!opencv-matrix
   rows: 1
   cols: 4
   dt: d
   data: [ 9.9982216863147599e-01, -1.1944871687573974e-02,
       1.5877121856141443e-03, 1.4506152716475875e-02 ]
